100
10 10 10 10 10 9.5
10 10 10 10 10 9.5
10 10 10 10 10 9.5
10 10 10 10 10 9.5
10 10 10 10 10 9.5
10 10 10 10 10 9.5
10 10 10 10 10 9.5
10 10 10 10 10 9.5
10 10 10 10 10 9.5
10 10 10 10 10 9.5
10 10 10 10 10 9.5
10 10 10 10 10 9.5
10 10 10 10 10 9.5
10 10 10 10 10 9.5
10 10 10 10 10 9.5
10 10 10 10 10 9.5
10 10 10 10 10 9.5
10 10 10 10 10 9.5
10 10 10 10 10 9.5
10 10 10 10 10 9.5
10 10 10 10 10 9.5
10 10 10 10 10 9.5
10 10 10 10 10 9.5
10 10 10 10 10 9.5
10 10 10 10 10 9.5
10 10 10 10 10 9.5
10 10 10 10 10 9.5
10 10 10 10 10 9.5
10 10 10 10 10 9.5
10 10 10 10 10 9.5
10 10 10 10 10 9.5
10 10 10 10 10 9.5
10 10 10 10 10 9.5
10 10 10 10 10 9.5
10 10 10 10 10 9.5
10 10 10 10 10 9.5
10 10 10 10 10 9.5
10 10 10 10 10 9.5
10 10 10 10 10 9.5
10 10 10 10 10 9.5
10 10 10 10 10 9.5
10 10 10 10 10 9.5
10 10 10 10 10 9.5
10 10 10 10 10 9.5
10 10 10 10 10 9.5
10 10 10 10 10 9.5
10 10 10 10 10 9.5
10 10 10 10 10 9.5
10 10 10 10 10 9.5
10 10 10 10 10 9.5
10 10 10 10 10 9.5
10 10 10 10 10 9.5
10 10 10 10 10 9.5
10 10 10 10 10 9.5
10 10 10 10 10 9.5
10 10 10 10 10 9.5
10 10 10 10 10 9.5
10 10 10 10 10 9.5
10 10 10 10 10 9.5
10 10 10 10 10 9.5
10 10 10 10 10 9.5
10 10 10 10 10 9.5
10 10 10 10 10 9.5
10 10 10 10 10 9.5
10 10 10 10 10 9.5
10 10 10 10 10 9.5
10 10 10 10 10 9.5
10 10 10 10 10 9.5
10 10 10 10 10 9.5
10 10 10 10 10 9.5
10 10 10 10 10 9.5
10 10 10 10 10 9.5
10 10 10 10 10 9.5
10 10 10 10 10 9.5
10 10 10 10 10 9.5
10 10 10 10 10 9.5
10 10 10 10 10 9.5
10 10 10 10 10 9.5
10 10 10 10 10 9.5
10 10 10 10 10 9.5
10 10 10 10 10 9.5
10 10 10 10 10 9.5
10 10 10 10 10 9.5
10 10 10 10 10 9.5
10 10 10 10 10 9.5
10 10 10 10 10 9.5
10 10 10 10 10 9.5
10 10 10 10 10 9.5
10 10 10 10 10 9.5
10 10 10 10 10 9.5
10 10 10 10 10 9.5
10 10 10 10 10 9.5
10 10 10 10 10 9.5
10 10 10 10 10 9.5
10 10 10 10 10 9.5
10 10 10 10 10 9.5
10 10 10 10 10 9.5
10 10 10 10 10 9.5
10 10 10 10 10 9.5
10 10 10 10 10 9.5
